0.733333
0.7
0.466667
0.433333
0.633333
1
0.733333
0.733333
0.633333
0.8
0.9
0.633333
0.866667
0.633333
0.733333
0.9
1
0.566667
0.866667
0.666667
0.5
0.8
0.866667
0.8
0.733333
0.733333
0.9
0.8
0.933333
0.733333
0.9
0.833333
0.833333
0.966667
0.866667
0.733333
0.866667
0.966667
0.733333
0.833333
0.9
0.9
0.733333
0.833333
1
0.7
0.833333
0.833333
1
0.933333
0.733333
0.8
0.9
0.833333
0.833333
0.866667
1
1.06667
1
0.933333
0.9
0.733333
1.03333
0.933333
0.866667
0.766667
0.866667
1.06667
1
0.9
0.9
0.933333
0.9
0.833333
0.866667
1.1
1.06667
0.833333
0.933333
0.9
0.933333
0.833333
0.833333
0.866667
0.933333
0.833333
0.666667
0.933333
0.966667
0.866667
0.933333
0.966667
0.966667
0.833333
0.833333
1
0.866667
0.766667
0.933333
1.06667
1.03333
0.866667
0.866667
0.9
1.03333
1
