0.2
0.1
0.1
0.0666667
0.0333333
0.0666667
0.0333333
0.0333333
0.1
0.1
0.133333
0.133333
0.166667
0.2
0.1
0.0666667
0.166667
0.0333333
0.0333333
0.0666667
0.133333
0.0666667
0.1
0.1
0.0666667
0.0666667
0.1
0.233333
0.0333333
0.0333333
0.166667
0.1
0.133333
0.1
0.166667
0.166667
0.1
0.1
0.166667
0.166667
0.1
0.2
0.233333
0.133333
0.166667
0.133333
0.166667
0.2
0.1
0.133333
0.133333
0.1
0.133333
0.166667
0.133333
0.133333
0.2
0.133333
0.166667
0.133333
0.133333
0.133333
0.0666667
0.2
0.166667
0.166667
0.133333
0.1
0.166667
0.1
0.133333
0.1
0.133333
0.166667
0.166667
0.166667
0.133333
0.2
0.166667
0.166667
0.166667
0.133333
0.133333
0.2
0.166667
0.166667
0.133333
0.1
0.133333
0.166667
0.0333333
0.166667
0.233333
0.133333
0.133333
0.2
0.2
0.0666667
0.166667
0.166667
0.166667
0.1
0.2
0.133333
0.166667
0.1
0.2
0.2
0.166667
0.233333
0.2
0.2
0.133333
0.166667
0.166667
0.166667
0.133333
0.2
0.233333
0.166667
0.233333
0.266667
0.1
0.166667
0.2
0.233333
0.133333
0.133333
0.2
0.133333
0.233333
0.266667
0.266667
0.233333
0.166667
0.233333
0.0666667
0.166667
0.2
0.2
0.2
