0.5
0.366667
0.433333
0.5
0.566667
0.566667
0.333333
0.466667
0.566667
0.6
0.6
0.5
0.466667
0.5
0.466667
0.466667
0.533333
0.533333
0.666667
0.633333
0.666667
0.666667
0.666667
0.533333
0.6
0.6
0.633333
0.6
0.566667
0.566667
0.533333
0.7
0.566667
0.533333
0.633333
0.6
0.633333
0.6
0.466667
0.7
0.466667
0.533333
0.533333
0.7
0.733333
0.5
0.633333
0.5
0.666667
0.533333
0.666667
0.7
0.466667
0.666667
0.666667
0.533333
0.6
0.7
0.666667
0.7
0.633333
0.566667
0.633333
0.733333
0.666667
0.466667
0.666667
0.566667
0.633333
0.666667
0.766667
0.7
0.7
0.7
0.7
0.7
0.7
0.633333
0.666667
0.633333
0.6
0.7
0.566667
0.666667
0.666667
0.633333
0.6
0.6
0.7
0.6
0.633333
0.633333
0.7
0.733333
0.633333
0.7
0.733333
0.666667
0.733333
0.7
0.666667
0.7
0.466667
0.666667
